1	-502.219	 -10.538	   1.669	  23.639	  12.119	20815
1	-502.219	  -9.518	  -1.331	  22.639	   5.119	15724
1	-502.219	  -9.476	  -0.331	  21.639	   6.119	17365
1	-502.219	 -10.907	  -0.331	  22.639	   6.119	17406
1	-502.219	 -11.406	  -0.331	  23.639	   6.119	17447
1	-502.219	  -8.906	  -0.331	  24.639	  15.119	17497
1	-502.219	 -11.683	  -0.331	  25.639	  15.119	17538
1	-502.219	 -12.579	  -0.331	  26.639	  14.119	17578
1	-502.219	  -9.158	   0.669	  21.639	   8.119	19048
1	-502.219	 -11.275	   0.669	  22.639	   7.119	19088
1	-502.219	 -11.653	   0.669	  22.639	   8.119	19089
1	-502.219	 -11.267	   0.669	  22.639	   9.119	19090
1	-502.219	 -10.438	   0.669	  22.639	  10.119	19091
1	-502.219	 -10.440	   0.669	  22.639	  11.119	19092
1	-502.219	 -11.267	   0.669	  23.639	   6.119	19128
1	-502.219	 -10.116	   0.669	  24.639	  13.119	19176
1	-502.219	  -9.334	   0.669	  24.639	  14.119	19177
1	-502.219	 -14.615	   0.669	  25.639	  13.119	19217
1	-502.219	 -13.051	   0.669	  25.639	  14.119	19218
1	-502.219	 -11.203	   0.669	  25.639	  15.119	19219
1	-502.219	 -10.125	   0.669	  25.639	  16.119	19220
1	-502.219	 -13.477	   0.669	  26.639	  13.119	19258
1	-502.219	 -17.254	   0.669	  26.639	  14.119	19259
1	-502.219	 -10.901	   0.669	  26.639	  15.119	19260
1	-502.219	 -10.954	   0.669	  27.639	  14.119	19300
1	-502.219	 -10.709	   1.669	  21.639	   9.119	20730
1	-502.219	  -9.442	   1.669	  21.639	  10.119	20731
1	-502.219	 -10.001	   1.669	  22.639	   8.119	20770
1	-502.219	 -10.896	   1.669	  22.639	   9.119	20771
1	-502.219	 -11.718	   1.669	  22.639	  10.119	20772
1	-502.219	 -10.142	   1.669	  22.639	  11.119	20773
1	-502.219	  -9.376	   1.669	  23.639	  11.119	20814
1	-502.219	 -11.487	   1.669	  24.639	  13.119	20857
1	-502.219	 -10.799	   1.669	  25.639	  13.119	20898
1	-502.219	 -13.252	   1.669	  25.639	  14.119	20899
1	-502.219	 -12.046	   1.669	  25.639	  15.119	20900
1	-502.219	 -14.527	   1.669	  26.639	  14.119	20940
1	-502.219	 -15.543	   1.669	  26.639	  15.119	20941
1	-502.219	 -10.919	   2.669	  23.639	  12.119	22496
1	-502.219	 -11.493	   2.669	  24.639	  13.119	22538
1	-502.219	 -10.924	   2.669	  24.639	  14.119	22539
1	-502.219	 -10.243	   2.669	  24.639	  15.119	22540
1	-502.219	 -14.398	   2.669	  25.639	  14.119	22580
1	-502.219	 -12.763	   2.669	  25.639	  15.119	22581
2	-399.337	 -10.323	  -2.331	  27.639	   4.119	14247
2	-399.337	 -14.816	  -0.331	  26.639	   5.119	17569
2	-399.337	 -12.615	  -0.331	  27.639	   4.119	17609
2	-399.337	 -10.558	  -0.331	  33.639	   3.119	17854
2	-399.337	  -9.296	  -0.331	  34.639	   0.119	17892
2	-399.337	  -9.692	  -0.331	  34.639	   1.119	17893
2	-399.337	  -9.214	  -0.331	  37.639	   6.119	18021
2	-399.337	 -10.392	  -0.331	  37.639	   7.119	18022
2	-399.337	  -9.678	  -2.331	  26.639	   4.119	14206
2	-399.337	 -10.222	   0.669	  37.639	   5.119	19701
2	-399.337	 -11.289	  -2.331	  30.639	   4.119	14370
2	-399.337	 -10.219	  -2.331	  31.639	   4.119	14411
2	-399.337	  -9.817	  -2.331	  31.639	  -2.881	14404
2	-399.337	 -14.161	   1.669	  25.639	   5.119	20890
2	-399.337	  -9.784	  -2.331	  31.639	   3.119	14410
2	-399.337	 -11.525	  -2.331	  28.639	   4.119	14288
2	-399.337	 -14.672	   0.669	  26.639	   5.119	19250
2	-399.337	  -9.503	  -2.331	  32.639	  -1.881	14446
2	-399.337	  -9.405	  -2.331	  35.639	   6.119	14577
2	-399.337	 -12.404	  -1.331	  26.639	   4.119	15887
2	-399.337	 -12.458	  -1.331	  26.639	   5.119	15888
2	-399.337	 -12.866	  -1.331	  27.639	   4.119	15928
2	-399.337	 -12.662	  -1.331	  28.639	   4.119	15969
2	-399.337	  -9.474	  -1.331	  29.639	   4.119	16010
2	-399.337	  -9.303	  -1.331	  31.639	   4.119	16092
2	-399.337	  -9.015	  -1.331	  32.639	   2.119	16131
2	-399.337	 -11.167	  -1.331	  32.639	   3.119	16132
2	-399.337	 -11.029	  -1.331	  32.639	   4.119	16133
2	-399.337	  -9.964	  -1.331	  33.639	  -1.881	16168
2	-399.337	 -10.375	  -1.331	  33.639	   4.119	16174
2	-399.337	 -11.424	   1.669	  26.639	   5.119	20931
2	-399.337	 -12.419	  -0.331	  24.639	   6.119	17488
2	-399.337	 -12.149	  -2.331	  29.639	   4.119	14329
2	-399.337	 -10.577	  -0.331	  25.639	   5.119	17528
2	-399.337	 -12.421	  -0.331	  25.639	   6.119	17529
2	-399.337	 -12.449	  -0.331	  26.639	   4.119	17568
3	-372.743	 -11.616	   9.669	  37.639	   2.119	34827
3	-372.743	  -9.921	   9.669	  37.639	   1.119	34826
3	-372.743	 -10.574	   8.669	  37.639	   3.119	33147
3	-372.743	  -9.964	  15.669	  37.639	   1.119	44912
3	-372.743	  -9.024	  14.669	  37.639	   2.119	43232
3	-372.743	 -11.824	   8.669	  37.639	   2.119	33146
3	-372.743	 -14.419	   8.669	  36.639	   3.119	33106
3	-372.743	 -13.999	   7.669	  35.639	   2.119	31383
3	-372.743	 -16.477	   7.669	  36.639	   2.119	31424
3	-372.743	 -13.022	   7.669	  36.639	   3.119	31425
3	-372.743	 -11.606	   7.669	  37.639	   2.119	31465
3	-372.743	  -9.166	  12.669	  36.639	   7.119	39834
3	-372.743	 -10.856	  12.669	  36.639	   6.119	39833
3	-372.743	 -10.362	   7.669	  37.639	   3.119	31466
3	-372.743	 -10.950	  12.669	  36.639	   5.119	39832
3	-372.743	 -16.795	   8.669	  36.639	   2.119	33105
3	-372.743	  -8.931	  13.669	  36.639	   6.119	41514
3	-372.743	  -9.794	   8.669	  35.639	   2.119	33064
3	-372.743	  -9.385	  11.669	  37.639	   6.119	38193
3	-372.743	 -14.923	  14.669	  36.639	   1.119	43190
3	-372.743	  -9.575	  13.669	  36.639	   5.119	41513
3	-372.743	  -9.959	  15.669	  36.639	   1.119	44871
3	-372.743	  -9.329	  15.669	  35.639	   2.119	44831
3	-372.743	 -10.392	  12.669	  36.639	   4.119	39831
3	-372.743	 -10.699	  14.669	  36.639	   2.119	43191
3	-372.743	  -9.929	  13.669	  36.639	   1.119	41509
3	-372.743	  -9.253	  13.669	  36.639	   4.119	41512
3	-372.743	  -8.935	  11.669	  37.639	   3.119	38190
3	-372.743	  -9.778	  11.669	  37.639	   2.119	38189
3	-372.743	  -9.631	  10.669	  37.639	   3.119	36509
3	-372.743	 -11.184	  10.669	  37.639	   2.119	36508
3	-372.743	  -9.981	   9.669	  37.639	   4.119	34829
3	-372.743	 -10.305	   9.669	  37.639	   3.119	34828
3	-372.743	 -10.185	  15.669	  35.639	   1.119	44830
4	-207.881	 -12.132	  -1.331	  23.639	   0.119	15760
4	-207.881	  -9.107	  -2.331	  23.639	   1.119	14080
4	-207.881	  -9.145	  -1.331	  23.639	  -1.881	15758
4	-207.881	 -10.613	  -1.331	  23.639	  -0.881	15759
4	-207.881	  -8.967	  -0.331	  26.639	  -3.881	17560
4	-207.881	  -9.288	  -0.331	  27.639	  -3.881	17601
4	-207.881	  -9.077	   0.669	  26.639	  -3.881	19241
4	-207.881	 -12.343	   0.669	  27.639	  -3.881	19282
4	-207.881	  -9.178	   1.669	  23.639	  -2.881	20800
4	-207.881	 -10.176	   1.669	  26.639	  -3.881	20922
4	-207.881	 -13.640	   1.669	  27.639	  -3.881	20963
4	-207.881	  -9.881	   2.669	  23.639	  -3.881	22480
4	-207.881	 -10.591	   2.669	  24.639	  -3.881	22521
4	-207.881	 -10.013	   2.669	  25.639	  -3.881	22562
4	-207.881	 -10.637	   2.669	  26.639	  -3.881	22603
4	-207.881	  -9.772	   3.669	  23.639	  -3.881	24161
4	-207.881	 -11.067	   3.669	  24.639	  -3.881	24202
4	-207.881	 -10.669	   3.669	  25.639	  -3.881	24243
4	-207.881	 -10.191	   4.669	  24.639	  -3.881	25883
4	-207.881	 -11.394	   4.669	  25.639	  -3.881	25924
5	-115.024	  -9.237	   8.669	  18.639	   8.119	32373
5	-115.024	  -9.369	   6.669	  19.639	  10.119	29054
5	-115.024	  -9.821	  10.669	  15.639	   4.119	35608
5	-115.024	  -9.150	  10.669	  19.639	   9.119	35777
5	-115.024	  -9.710	   9.669	  16.639	   4.119	33968
5	-115.024	  -9.517	   9.669	  18.639	   8.119	34054
5	-115.024	 -10.153	  12.669	  16.639	   6.119	39013
5	-115.024	  -8.965	   6.669	  19.639	   9.119	29053
5	-115.024	  -9.233	   8.669	  18.639	   7.119	32372
5	-115.024	  -9.935	  11.669	  16.639	   4.119	37330
5	-115.024	  -9.394	   7.669	  20.639	  11.119	30777
5	-115.024	 -10.540	   6.669	  20.639	  11.119	29096
6	-109.018	 -11.123	  11.669	  27.639	  17.119	37794
6	-109.018	 -10.326	   8.669	  24.639	  17.119	32628
6	-109.018	 -11.240	   7.669	  24.639	  17.119	30947
6	-109.018	  -9.184	  12.669	  31.639	  16.119	39638
6	-109.018	  -9.404	   9.669	  24.639	  17.119	34309
6	-109.018	  -8.996	   6.669	  25.639	  21.119	29311
6	-109.018	  -8.923	   6.669	  24.639	  19.119	29268
6	-109.018	  -9.604	  10.669	  23.639	  14.119	35946
6	-109.018	  -9.468	  10.669	  25.639	  17.119	36031
6	-109.018	 -11.744	  11.669	  28.639	  17.119	37835
6	-109.018	  -9.006	  11.669	  26.639	  17.119	37753
7	 -96.059	  -9.004	  -4.331	  33.639	  14.119	11141
7	 -96.059	  -9.023	  -2.331	  31.639	  19.119	14426
7	 -96.059	  -9.315	  -3.331	  31.639	  18.119	12744
7	 -96.059	 -10.292	  -3.331	  31.639	  12.119	12738
7	 -96.059	  -9.015	  -4.331	  32.639	  15.119	11101
7	 -96.059	  -9.712	  -4.331	  32.639	  14.119	11100
7	 -96.059	 -10.612	  -4.331	  32.639	  13.119	11099
7	 -96.059	  -9.074	  -4.331	  31.639	  13.119	11058
7	 -96.059	  -9.778	  -4.331	  31.639	  12.119	11057
7	 -96.059	 -10.234	  -4.331	  30.639	  12.119	11016
8	 -92.568	  -9.030	  18.669	  31.639	   1.119	49709
8	 -92.568	  -9.930	  18.669	  29.639	   1.119	49627
8	 -92.568	 -10.258	  18.669	  29.639	   2.119	49628
8	 -92.568	 -10.020	  18.669	  30.639	   2.119	49669
8	 -92.568	  -9.727	  18.669	  30.639	   1.119	49668
8	 -92.568	 -14.467	  17.669	  30.639	   1.119	47987
8	 -92.568	 -11.271	  17.669	  29.639	   1.119	47946
8	 -92.568	  -8.960	  18.669	  31.639	   2.119	49710
8	 -92.568	  -8.905	  17.669	  31.639	   1.119	48028
9	 -78.096	  -9.545	   6.669	  38.639	  14.119	29837
9	 -78.096	 -10.397	   2.669	  36.639	  18.119	23035
9	 -78.096	  -9.851	   1.669	  36.639	  18.119	21354
9	 -78.096	  -9.415	   1.669	  35.639	  19.119	21314
9	 -78.096	 -10.251	   7.669	  38.639	  13.119	31517
9	 -78.096	  -9.609	   5.669	  36.639	  18.119	28078
9	 -78.096	  -9.333	   4.669	  36.639	  18.119	26397
9	 -78.096	  -9.695	   3.669	  36.639	  18.119	24716
10	 -58.453	  -9.014	  15.669	  27.639	  11.119	44512
10	 -58.453	 -10.095	  18.669	  26.639	   7.119	49510
10	 -58.453	 -10.993	  18.669	  26.639	   6.119	49509
10	 -58.453	  -9.171	  16.669	  29.639	  10.119	46274
10	 -58.453	  -9.568	  18.669	  25.639	   7.119	49469
10	 -58.453	  -9.612	  15.669	  29.639	  10.119	44593
11	 -49.524	  -9.057	  10.669	  26.639	  -4.881	36050
11	 -49.524	  -9.488	  12.669	  27.639	  -5.881	39452
11	 -49.524	  -9.440	  13.669	  27.639	  -5.881	41133
11	 -49.524	 -11.679	  11.669	  26.639	  -4.881	37731
11	 -49.524	  -9.860	  11.669	  19.639	  -4.881	37444
12	 -40.252	 -10.539	  15.669	  32.639	  -6.881	44699
12	 -40.252	  -9.081	  15.669	  31.639	  -6.881	44658
12	 -40.252	  -8.993	  16.669	  35.639	  -6.881	46503
12	 -40.252	 -11.639	  16.669	  36.639	  -6.881	46544
13	  -9.397	  -9.397	   3.669	  39.639	  -3.881	24817
14	  -9.289	  -9.289	   5.669	  16.639	   0.119	27240
15	  -8.912	  -8.912	  -6.331	  22.639	  12.119	7326
