1	-502.219	44	   1.103	  24.478	  11.977
2	-399.337	36	  -0.962	  30.027	   3.881
3	-372.743	34	  11.191	  36.936	   2.912
4	-207.881	20	   1.567	  25.340	  -3.143
5	-115.024	12	   9.194	  18.450	   7.678
6	-109.018	11	   9.887	  26.212	  17.264
7	 -96.059	10	  -3.939	  32.025	  14.235
8	 -92.568	9	  18.295	  30.590	   1.435
9	 -78.096	8	   4.300	  37.025	  17.094
10	 -58.453	6	  17.399	  27.594	   8.512
11	 -49.524	5	  12.059	  25.628	  -5.263
12	 -40.252	4	  16.182	  34.240	  -6.881
13	  -9.397	1	   3.669	  39.639	  -3.881
14	  -9.289	1	   5.669	  16.639	   0.119
15	  -8.912	1	  -6.331	  22.639	  12.119
